# logg    Teff                      
# [cm/s2] [K]   aLSM(u1)  bLSM(u2)    
# ----- ------ -------- --------
 2.50   1500   1.2909  -0.3807
 3.00   1500   1.1961  -0.3121
 3.50   1500   1.2359  -0.3686
 4.00   1500   1.3410  -0.4786
 4.50   1500   1.8119  -1.0014
 5.00   1500   1.6354  -0.7874
 5.50   1500   1.3417  -0.4997
 2.50   1600   1.1639  -0.2535
 3.00   1600   1.0994  -0.1913
 3.50   1600   1.1372  -0.2481
 4.00   1600   1.1439  -0.2615
 4.50   1600   1.2051  -0.3375
 5.00   1600   1.2100  -0.3503
 5.50   1600   1.2634  -0.4091
 2.50   1700   1.0287  -0.1149
 3.00   1700   1.0527  -0.1511
 3.50   1700   1.0690  -0.1822
 4.00   1700   1.0685  -0.1922
 4.50   1700   1.0225  -0.1490
 5.00   1700   1.0418  -0.1692
 5.50   1700   1.1282  -0.2599
 2.50   1800   1.0419  -0.1193
 3.00   1800   0.9929  -0.0864
 3.50   1800   0.9900  -0.1134
 4.00   1800   0.9915  -0.1253
 4.50   1800   1.0114  -0.1483
 5.00   1800   0.9887  -0.1269
 5.50   1800   0.9874  -0.1252
 2.50   1900   0.9795  -0.0793
 3.00   1900   0.9900  -0.0851
 3.50   1900   1.0100  -0.1418
 4.00   1900   1.0288  -0.1793
 4.50   1900   0.9579  -0.1122
 5.00   1900   0.9451  -0.0914
 5.50   1900   0.9109  -0.0561
 2.50   2000   0.9356  -0.0248
 3.00   2000   0.9697  -0.0776
 3.50   2000   0.9628  -0.0782
 4.00   2000   0.9745  -0.1024
 4.50   2000   0.9960  -0.1341
 5.00   2000   0.9493  -0.0995
 5.50   2000   0.8832  -0.0370
 2.50   2100   0.8767   0.0242
 3.00   2100   0.9290  -0.0304
 3.50   2100   1.0004  -0.1157
 4.00   2100   0.9689  -0.0879
 4.50   2100   0.9622  -0.0981
 5.00   2100   0.9337  -0.0787
 5.50   2100   0.8817  -0.0305
 2.50   2200   0.8023   0.1277
 3.00   2200   0.7959   0.1185
 3.50   2200   0.9227  -0.0296
 4.00   2200   0.9513  -0.0571
 4.50   2200   0.9206  -0.0352
 5.00   2200   0.9249  -0.0649
 5.50   2200   0.8888  -0.0396
 2.50   2300   0.7666   0.2018
 3.00   2300   0.7853   0.1448
 3.50   2300   0.7919   0.1386
 4.00   2300   0.8854   0.0203
 4.50   2300   0.8576   0.0475
 5.00   2300   0.8368   0.0435
 5.50   2300   0.8103   0.0489
 2.50   2400   0.6596   0.3839
 3.00   2400   0.6636   0.3147
 3.50   2400   0.6927   0.2664
 4.00   2400   0.7226   0.2213
 4.50   2400   0.7947   0.1349
 5.00   2400   0.7579   0.1457
 5.50   2400   0.7904   0.0899
 2.50   2500   0.6455   0.4127
 3.00   2500   0.5634   0.4498
 3.50   2500   0.5788   0.4019
 4.00   2500   0.6292   0.3319
 4.50   2500   0.6634   0.2812
 5.00   2500   0.7027   0.2237
 5.50   2500   0.7247   0.1784
 2.50   2600   0.6486   0.4029
 3.00   2600   0.5439   0.4643
 3.50   2600   0.4942   0.4824
 4.00   2600   0.5176   0.4428
 4.50   2600   0.5610   0.3867
 5.00   2600   0.6163   0.3167
 5.50   2600   0.6386   0.2777
 2.50   2700   0.5965   0.4409
 3.00   2700   0.5222   0.4811
 3.50   2700   0.4296   0.5375
 4.00   2700   0.4168   0.5307
 4.50   2700   0.4529   0.4854
 5.00   2700   0.5011   0.4258
 5.50   2700   0.5649   0.3482
 2.50   2800   0.5544   0.4706
 3.00   2800   0.4976   0.4938
 3.50   2800   0.3829   0.5648
 4.00   2800   0.3434   0.5756
 4.50   2800   0.3631   0.5487
 5.00   2800   0.4078   0.4989
 5.50   2800   0.4828   0.4199
 2.50   2900   0.5181   0.4902
 3.00   2900   0.4642   0.5069
 3.50   2900   0.3668   0.5660
 4.00   2900   0.3102   0.5866
 4.50   2900   0.2940   0.5775
 5.00   2900   0.3229   0.5507
 5.50   2900   0.3969   0.4793
 2.50   3000   0.4926   0.4951
 3.00   3000   0.4325   0.5100
 3.50   3000   0.3579   0.5531
 4.00   3000   0.2889   0.5705
 4.50   3000   0.2687   0.5751
 5.00   3000   0.2612   0.5698
 5.50   3000   0.3143   0.5280
 2.50   1500   1.2826  -0.4088
 3.00   1500   1.1912  -0.3291
 3.50   1500   1.2343  -0.3806
 4.00   1500   1.3245  -0.4584
 4.50   1500   1.7208  -0.8438
 5.00   1500   1.5871  -0.7052
 5.50   1500   1.3201  -0.4650
 2.50   1600   1.1659  -0.3028
 3.00   1600   1.1114  -0.2399
 3.50   1600   1.1465  -0.2799
 4.00   1600   1.1505  -0.2817
 4.50   1600   1.2011  -0.3359
 5.00   1600   1.2030  -0.3414
 5.50   1600   1.2509  -0.3897
 2.50   1700   1.0360  -0.1770
 3.00   1700   1.0663  -0.2038
 3.50   1700   1.0824  -0.2221
 4.00   1700   1.0787  -0.2192
 4.50   1700   1.0295  -0.1666
 5.00   1700   1.0447  -0.1773
 5.50   1700   1.1249  -0.2561
 2.50   1800   1.0546  -0.1921
 3.00   1800   1.0009  -0.1336
 3.50   1800   0.9990  -0.1466
 4.00   1800   0.9997  -0.1496
 4.50   1800   1.0181  -0.1655
 5.00   1800   0.9931  -0.1377
 5.50   1800   0.9880  -0.1282
 2.50   1900   0.9661  -0.1069
 3.00   1900   0.9975  -0.1289
 3.50   1900   1.0153  -0.1690
 4.00   1900   1.0309  -0.1930
 4.50   1900   0.9598  -0.1216
 5.00   1900   0.9496  -0.1027
 5.50   1900   0.9134  -0.0623
 2.50   2000   0.9285  -0.0652
 3.00   2000   0.9675  -0.1052
 3.50   2000   0.9696  -0.1086
 4.00   2000   0.9797  -0.1222
 4.50   2000   1.0019  -0.1502
 5.00   2000   0.9531  -0.1096
 5.50   2000   0.8858  -0.0436
 2.50   2100   0.8605  -0.0008
 3.00   2100   0.9339  -0.0710
 3.50   2100   1.0056  -0.1434
 4.00   2100   0.9778  -0.1143
 4.50   2100   0.9685  -0.1152
 5.00   2100   0.9385  -0.0905
 5.50   2100   0.8850  -0.0383
 2.50   2200   0.8599  -0.0339
 3.00   2200   0.8118   0.0562
 3.50   2200   0.9326  -0.0663
 4.00   2200   0.9652  -0.0923
 4.50   2200   0.9343  -0.0652
 5.00   2200   0.9309  -0.0788
 5.50   2200   0.8911  -0.0458
 2.50   2300   0.8343   0.0193
 3.00   2300   0.8448   0.0033
 3.50   2300   0.8311   0.0481
 4.00   2300   0.8998  -0.0167
 4.50   2300   0.8732   0.0137
 5.00   2300   0.8470   0.0221
 5.50   2300   0.8149   0.0388
 2.50   2400   0.7287   0.1878
 3.00   2400   0.7309   0.1551
 3.50   2400   0.7423   0.1552
 4.00   2400   0.7518   0.1559
 4.50   2400   0.8090   0.1027
 5.00   2400   0.7693   0.1217
 5.50   2400   0.7980   0.0745
 2.50   2500   0.6581   0.3120
 3.00   2500   0.5993   0.3380
 3.50   2500   0.6114   0.3164
 4.00   2500   0.6559   0.2691
 4.50   2500   0.6819   0.2399
 5.00   2500   0.7133   0.2004
 5.50   2500   0.7320   0.1633
 2.50   2600   0.6748   0.2600
 3.00   2600   0.5642   0.3708
 3.50   2600   0.4887   0.4610
 4.00   2600   0.5188   0.4223
 4.50   2600   0.5655   0.3686
 5.00   2600   0.6194   0.3053
 5.50   2600   0.6402   0.2715
 2.50   2700   0.6219   0.2924
 3.00   2700   0.5428   0.3833
 3.50   2700   0.4391   0.4837
 4.00   2700   0.4206   0.5022
 4.50   2700   0.4567   0.4663
 5.00   2700   0.4972   0.4257
 5.50   2700   0.5598   0.3531
 2.50   2800   0.5666   0.3392
 3.00   2800   0.5078   0.4109
 3.50   2800   0.3887   0.5130
 4.00   2800   0.3402   0.5566
 4.50   2800   0.3579   0.5437
 5.00   2800   0.4016   0.5017
 5.50   2800   0.4769   0.4254
 2.50   2900   0.5308   0.3468
 3.00   2900   0.4704   0.4242
 3.50   2900   0.3630   0.5277
 4.00   2900   0.3035   0.5704
 4.50   2900   0.2812   0.5830
 5.00   2900   0.3118   0.5604
 5.50   2900   0.3906   0.4847
 2.50   3000   0.4769   0.3914
 3.00   3000   0.4300   0.4310
 3.50   3000   0.3509   0.5159
 4.00   3000   0.2769   0.5639
 4.50   3000   0.2517   0.5877
 5.00   3000   0.2435   0.5905
 5.50   3000   0.3042   0.5396
 2.50   2300   0.3685   0.5069
 3.00   2300   0.3895   0.4724
 3.50   2300   0.4372   0.4266
 4.00   2300   0.4846   0.3947
 4.50   2300   0.5084   0.3663
 5.00   2300   0.5221   0.3406
 5.50   2300   0.4723   0.3571
 6.00   2300   0.4487   0.3688
 2.50   2400   0.3279   0.5202
 3.00   2400   0.3381   0.4957
 3.50   2400   0.3753   0.4730
 4.00   2400   0.4303   0.4394
 4.50   2400   0.4859   0.4011
 5.00   2400   0.4759   0.4064
 5.50   2400   0.4665   0.3962
 6.00   2400   0.4443   0.3961
 2.50   2500   0.2995   0.5208
 3.00   2500   0.2910   0.5076
 3.50   2500   0.3129   0.5033
 4.00   2500   0.3577   0.4856
 4.50   2500   0.4166   0.4546
 5.00   2500   0.4723   0.4172
 5.50   2500   0.4326   0.4481
 6.00   2500   0.4235   0.4328
 2.50   2600   0.2916   0.5145
 3.00   2600   0.2604   0.5062
 3.50   2600   0.2626   0.5157
 4.00   2600   0.2903   0.5150
 4.50   2600   0.3363   0.5091
 5.00   2600   0.3858   0.4890
 5.50   2600   0.4373   0.4517
 6.00   2600   0.4559   0.4296
 2.50   2700   0.3023   0.4981
 3.00   2700   0.2446   0.5012
 3.50   2700   0.2292   0.5121
 4.00   2700   0.2396   0.5223
 4.50   2700   0.2636   0.5363
 5.00   2700   0.3025   0.5408
 5.50   2700   0.3470   0.5211
 6.00   2700   0.4272   0.4242
 2.50   2800   0.3267   0.4821
 3.00   2800   0.2399   0.5006
 3.50   2800   0.2089   0.5054
 4.00   2800   0.2053   0.5153
 4.50   2800   0.2164   0.5335
 5.00   2800   0.2423   0.5479
 5.50   2800   0.2755   0.5493
 2.50   2900   0.3507   0.4801
 3.00   2900   0.2489   0.4926
 3.50   2900   0.2025   0.4948
 4.00   2900   0.1859   0.5026
 4.50   2900   0.1863   0.5198
 5.00   2900   0.1998   0.5387
 5.50   2900   0.2275   0.5520
 6.00   2900   0.2702   0.5468
 2.50   3000   0.4018   0.4459
 3.00   3000   0.2654   0.4844
 3.50   3000   0.2018   0.4909
 4.00   3000   0.1764   0.4908
 4.50   3000   0.1693   0.5023
 5.50   3000   0.1933   0.5347
 6.00   3000   0.2230   0.5430
 2.50   3100   0.4770   0.4006
 3.00   3100   0.2884   0.4757
 3.50   3100   0.2131   0.4819
 4.00   3100   0.1758   0.4812
 4.50   3100   0.1621   0.4852
 5.00   3100   0.1606   0.4974
 5.50   3100   0.1709   0.5136
 6.00   3100   0.1894   0.5286
 2.50   3200   0.4573   0.3914
 3.00   3200   0.3305   0.4512
 3.50   3200   0.2355   0.4668
 4.00   3200   0.1874   0.4660
 4.50   3200   0.1618   0.4700
 5.00   3200   0.1533   0.4776
 5.50   3200   0.1567   0.4920
 6.00   3200   0.1711   0.5075
 2.50   3300   0.4670   0.3612
 3.00   3300   0.3756   0.4071
 3.50   3300   0.2632   0.4472
 4.00   3300   0.2050   0.4477
 4.50   3300   0.1710   0.4514
 5.00   3300   0.1529   0.4604
 5.50   3300   0.1496   0.4720
 6.00   3300   0.1543   0.4899
 2.50   3400   0.4705   0.3374
 3.00   3400   0.4023   0.3480
 3.50   3400   0.3037   0.3998
 4.00   3400   0.2271   0.4253
 4.50   3400   0.1819   0.4364
 5.00   3400   0.1555   0.4459
 5.50   3400   0.1442   0.4583
 6.00   3400   0.1401   0.4779
 2.50   3500   0.5016   0.2768
 3.00   3500   0.4598   0.2736
 3.50   3500   0.3449   0.3477
 4.00   3500   0.2536   0.3933
 4.50   3500   0.1959   0.4178
 5.00   3500   0.1604   0.4325
 5.50   3500   0.1394   0.4478
 6.00   3500   0.1293   0.4665
 2.50   3600   0.5324   0.2372
 3.00   3600   0.5251   0.1949
 3.50   3600   0.4001   0.2854
 4.00   3600   0.2865   0.3586
 4.50   3600   0.2125   0.3984
 5.00   3600   0.1671   0.4201
 5.50   3600   0.1390   0.4380
 6.00   3600   0.1198   0.4593
 2.50   3700   0.5624   0.2059
 3.00   3700   0.5627   0.1516
 3.50   3700   0.4622   0.2268
 4.00   3700   0.3290   0.3207
 4.50   3700   0.2315   0.3808
 5.00   3700   0.1737   0.4118
 5.50   3700   0.1390   0.4303
 6.00   3700   0.1152   0.4527
 2.50   3800   0.5833   0.1816
 3.00   3800   0.5789   0.1392
 3.50   3800   0.5138   0.1844
 4.00   3800   0.3809   0.2823
 4.50   3800   0.2581   0.3609
 5.00   3800   0.1828   0.4015
 5.50   3800   0.1400   0.4242
 6.00   3800   0.1126   0.4451
 2.50   3900   0.5718   0.2059
 3.00   3900   0.5797   0.1409
 3.50   3900   0.5608   0.1375
 4.00   3900   0.4293   0.2388
 4.50   3900   0.2946   0.3316
 5.00   3900   0.1991   0.3902
 5.50   3900   0.1448   0.4156
 6.00   3900   0.1131   0.4365
 2.50   4000   0.5595   0.2153
 3.00   4000   0.5648   0.1617
 3.50   4000   0.5678   0.1357
 4.00   4000   0.4764   0.2025
 4.50   4000   0.3390   0.2994
 5.00   4000   0.2260   0.3679
 5.50   4000   0.1569   0.4038
 6.00   4000   0.1188   0.4219
 2.50   4100   0.5456   0.2213
 3.00   4100   0.5468   0.1797
 3.50   4100   0.5505   0.1543
 4.00   4100   0.5164   0.1702
 4.50   4100   0.3955   0.2618
 5.00   4100   0.2673   0.3371
 5.50   4100   0.1783   0.3879
 6.00   4100   0.1287   0.4111
 2.50   4200   0.5290   0.2310
 3.00   4200   0.5304   0.1909
 3.50   4200   0.5360   0.1638
 4.00   4200   0.5369   0.1494
 4.50   4200   0.4429   0.2201
 5.00   4200   0.3163   0.3025
 5.50   4200   0.2160   0.3515
 6.00   4200   0.1468   0.3947
 2.50   4300   0.5120   0.2422
 3.00   4300   0.5172   0.1959
 3.50   4300   0.5218   0.1719
 4.00   4300   0.5255   0.1538
 4.50   4300   0.4834   0.1895
 5.00   4300   0.3713   0.2687
 5.50   4300   0.2551   0.3385
 6.00   4300   0.1735   0.3746
 2.50   4400   0.4951   0.2532
 3.00   4400   0.5029   0.2035
 3.50   4400   0.5081   0.1789
 4.00   4400   0.5143   0.1598
 4.50   4400   0.5098   0.1592
 5.00   4400   0.4223   0.2217
 5.50   4400   0.3054   0.3008
 6.00   4400   0.2070   0.3605
 2.50   4500   0.4794   0.2623
 3.00   4500   0.4890   0.2085
 3.50   4500   0.4942   0.1866
 4.00   4500   0.5021   0.1649
 4.50   4500   0.5037   0.1581
 5.00   4500   0.4589   0.1990
 5.50   4500   0.3558   0.2717
 6.00   4500   0.2506   0.3297
 2.50   4600   0.4649   0.2692
 3.00   4600   0.4739   0.2197
 3.50   4600   0.4802   0.1941
 4.00   4600   0.4884   0.1727
 4.50   4600   0.4913   0.1645
 5.00   4600   0.4827   0.1727
 5.50   4600   0.4014   0.2348
 6.00   4600   0.2966   0.3008
 2.50   4700   0.4534   0.2702
 3.00   4700   0.4610   0.2250
 3.50   4700   0.4666   0.2011
 4.00   4700   0.4750   0.1798
 4.50   4700   0.4776   0.1729
 5.00   4700   0.4794   0.1702
 5.50   4700   0.4341   0.2126
 6.00   4700   0.3403   0.2780
 2.50   4800   0.4416   0.2763
 3.00   4800   0.4469   0.2330
 3.50   4800   0.4539   0.2067
 4.00   4800   0.4612   0.1879
 4.50   4800   0.4642   0.1807
 5.00   4800   0.4697   0.1744
 5.50   4800   0.4574   0.1870
 6.00   4800   0.3818   0.2435
 2.50   4900   0.4307   0.2796
 3.00   4900   0.4356   0.2367
 3.50   4900   0.4421   0.2114
 4.00   4900   0.4495   0.1914
 4.50   4900   0.4508   0.1887
 5.00   4900   0.4563   0.1826
 5.50   4900   0.4547   0.1847
 6.00   4900   0.4040   0.2331
 2.50   5100   0.4152   0.2817
 3.00   5100   0.4201   0.2343
 3.50   5100   0.4253   0.2077
 4.00   5100   0.4210   0.2031
 4.50   5100   0.4244   0.1961
 5.00   5100   0.4282   0.1925
 5.50   5100   0.4350   0.1850
 6.00   5100   0.4216   0.2013
 2.50   5200   0.4083   0.2825
 3.00   5200   0.4128   0.2350
 3.50   5200   0.4179   0.2078
 4.00   5200   0.4110   0.2061
 4.50   5200   0.4136   0.1999
 5.00   5200   0.4164   0.1975
 5.50   5200   0.4229   0.1908
 6.00   5200   0.4114   0.2070
 2.50   5300   0.3987   0.2865
 3.00   5300   0.4075   0.2321
 3.50   5300   0.4013   0.2202
 4.00   5300   0.4020   0.2082
 4.50   5300   0.4036   0.2028
 5.00   5300   0.4058   0.2007
 5.50   5300   0.4071   0.2029
 6.00   5300   0.3987   0.2125
 2.50   5400   0.3928   0.2878
 3.00   5400   0.3998   0.2341
 3.50   5400   0.3952   0.2193
 4.00   5400   0.3943   0.2089
 4.50   5400   0.3947   0.2049
 5.00   5400   0.3968   0.2011
 5.50   5400   0.3842   0.2167
 6.00   5400   0.3854   0.2189
 2.50   5500   0.3859   0.2899
 3.00   5500   0.3884   0.2405
 3.50   5500   0.3870   0.2228
 4.00   5500   0.3861   0.2114
 4.50   5500   0.3862   0.2061
 5.00   5500   0.3876   0.2035
 5.50   5500   0.3720   0.2222
 6.00   5500   0.3727   0.2247
 2.50   5600   0.3783   0.2940
 3.00   5600   0.3797   0.2481
 3.50   5600   0.3801   0.2248
 4.00   5600   0.3789   0.2128
 4.50   5600   0.3785   0.2075
 5.00   5600   0.3632   0.2210
 5.50   5600   0.3609   0.2252
 6.00   5600   0.3604   0.2298
 2.50   5700   0.3704   0.2985
 3.00   5700   0.3739   0.2490
 3.50   5700   0.3741   0.2255
 4.00   5700   0.3726   0.2129
 4.50   5700   0.3710   0.2094
 5.00   5700   0.3536   0.2239
 5.50   5700   0.3502   0.2287
 6.00   5700   0.3490   0.2340
 2.50   5800   0.3622   0.3078
 3.00   5800   0.3661   0.2532
 3.50   5800   0.3704   0.2275
 4.00   5800   0.3662   0.2140
 4.50   5800   0.3495   0.2247
 5.00   5800   0.3444   0.2266
 5.50   5800   0.3402   0.2317
 6.00   5800   0.3384   0.2373
 2.50   5900   0.3539   0.3109
 3.00   5900   0.3594   0.2554
 3.50   5900   0.3596   0.2317
 4.00   5900   0.3599   0.2150
 4.50   5900   0.3454   0.2253
 5.00   5900   0.3359   0.2288
 5.50   5900   0.3347   0.2324
 6.00   5900   0.3287   0.2396
 2.50   6000   0.3484   0.3103
 3.00   6000   0.3534   0.2565
 3.50   6000   0.3540   0.2321
 4.00   6000   0.3540   0.2157
 4.50   6000   0.3345   0.2282
 5.00   6000   0.3283   0.2300
 5.50   6000   0.3229   0.2352
 6.00   6000   0.3223   0.2406
 2.50   6100   0.3381   0.3177
 3.00   6100   0.3468   0.2586
 3.50   6100   0.3494   0.2332
 4.00   6100   0.3507   0.2158
 4.50   6100   0.3276   0.2297
 5.00   6100   0.3237   0.2306
 5.50   6100   0.3148   0.2370
 6.00   6100   0.2964   0.2582
 2.50   6200   0.3339   0.3162
 3.00   6200   0.3398   0.2612
 3.50   6200   0.3425   0.2339
 4.00   6200   0.3451   0.2160
 4.50   6200   0.3216   0.2301
 5.00   6200   0.3166   0.2318
 5.50   6200   0.2945   0.2519
 6.00   6200   0.2815   0.2641
 2.50   6300   0.3217   0.3251
 3.00   6300   0.3330   0.2637
 3.50   6300   0.3374   0.2348
 4.00   6300   0.3383   0.2164
 4.50   6300   0.3174   0.2305
 5.00   6300   0.3089   0.2314
 5.50   6300   0.2821   0.2566
 6.00   6300   0.2714   0.2675
 2.50   6400   0.3181   0.3235
 3.00   6400   0.3257   0.2667
 3.50   6400   0.3309   0.2359
 4.00   6400   0.3332   0.2167
 4.50   6400   0.3115   0.2298
 5.00   6400   0.3030   0.2325
 5.50   6400   0.2727   0.2584
 6.00   6400   0.2621   0.2700
 2.50   6500   0.3100   0.3271
 3.00   6500   0.3182   0.2701
 3.50   6500   0.3237   0.2388
 4.00   6500   0.3276   0.2180
 4.50   6500   0.3079   0.2295
 5.00   6500   0.2982   0.2322
 5.50   6500   0.2674   0.2591
 6.00   6500   0.2555   0.2692
 2.50   6600   0.3022   0.3279
 3.00   6600   0.3107   0.2732
 3.50   6600   0.3176   0.2406
 4.00   6600   0.3215   0.2192
 4.50   6600   0.3014   0.2310
 5.00   6600   0.2939   0.2316
 5.50   6600   0.2603   0.2596
 6.00   6600   0.2480   0.2704
 2.50   6700   0.2895   0.3402
 3.00   6700   0.3034   0.2759
 3.50   6700   0.3089   0.2445
 4.00   6700   0.3158   0.2206
 4.50   6700   0.2969   0.2312
 5.00   6700   0.2895   0.2314
 5.50   6700   0.2553   0.2596
 6.00   6700   0.2415   0.2712
 2.50   6800   0.2783   0.3440
 3.00   6800   0.2962   0.2775
 3.50   6800   0.3011   0.2475
 4.00   6800   0.3096   0.2225
 4.50   6800   0.2930   0.2308
 5.00   6800   0.2856   0.2312
 5.50   6800   0.2506   0.2596
 6.00   6800   0.2357   0.2715
 2.50   6900   0.2712   0.3457
 3.00   6900   0.2888   0.2795
 3.50   6900   0.2964   0.2488
 4.00   6900   0.3026   0.2256
 4.50   6900   0.2892   0.2305
 5.00   6900   0.2816   0.2312
 5.50   6900   0.2466   0.2593
 6.00   6900   0.2305   0.2714
 2.50   7000   0.2653   0.3476
 3.00   7000   0.2818   0.2804
 3.50   7000   0.2894   0.2507
 4.00   7000   0.2961   0.2276
 4.50   7000   0.2847   0.2310
 5.00   7000   0.2779   0.2307
 5.50   7000   0.2424   0.2592
 6.00   7000   0.2258   0.2713
 2.50   7200   0.2488   0.3512
 3.00   7200   0.2663   0.2837
 3.50   7200   0.2760   0.2529
 4.00   7200   0.2801   0.2331
 4.50   7200   0.2757   0.2311
 5.00   7200   0.2702   0.2298
 5.50   7200   0.2357   0.2580
 6.00   7200   0.2179   0.2704
 2.50   7400   0.2340   0.3560
 3.00   7400   0.2515   0.2881
 3.50   7400   0.2605   0.2581
 4.00   7400   0.2683   0.2357
 4.50   7400   0.2438   0.2464
 5.00   7400   0.2619   0.2305
 5.50   7400   0.2288   0.2574
 6.00   7400   0.2109   0.2692
 2.50   7600   0.2188   0.3618
 3.00   7600   0.2359   0.2922
 3.50   7600   0.2458   0.2616
 4.00   7600   0.2353   0.2551
 4.50   7600   0.2559   0.2329
 5.00   7600   0.2540   0.2299
 5.50   7600   0.2222   0.2569
 6.00   7600   0.2043   0.2687
 2.50   7800   0.2047   0.3641
 3.00   7800   0.2214   0.2969
 3.50   7800   0.2217   0.2718
 4.00   7800   0.2396   0.2457
 4.50   7800   0.2448   0.2339
 5.00   7800   0.2448   0.2304
 5.50   7800   0.2162   0.2555
 6.00   7800   0.1987   0.2672
 2.50   8000   0.1929   0.3691
 3.00   8000   0.2074   0.3033
 3.50   8000   0.2160   0.2700
 4.00   8000   0.2273   0.2465
 4.50   8000   0.2331   0.2353
 5.00   8000   0.2355   0.2307
 5.50   8000   0.2013   0.2473
 6.00   8000   0.1933   0.2654
 2.50   8200   0.1814   0.3822
 3.00   8200   0.1961   0.3058
 3.50   8200   0.2039   0.2710
 4.00   8200   0.2147   0.2467
 4.50   8200   0.2210   0.2358
 5.00   8200   0.2254   0.2286
 5.50   8200   0.1953   0.2466
 6.00   8200   0.1866   0.2657
 2.50   8400   0.1741   0.3912
 3.00   8400   0.1883   0.3059
 3.50   8400   0.1943   0.2707
 4.00   8400   0.2042   0.2456
 4.50   8400   0.2093   0.2355
 5.00   8400   0.2149   0.2288
 5.50   8400   0.1949   0.2431
 6.00   8400   0.1827   0.2620
 2.50   8600   0.1678   0.4012
 3.00   8600   0.1829   0.3066
 3.50   8600   0.1872   0.2693
 4.00   8600   0.1911   0.2468
 4.50   8600   0.1983   0.2350
 5.00   8600   0.2042   0.2284
 5.50   8600   0.2084   0.2261
 6.00   8600   0.1793   0.2578
 2.50   8800   0.1605   0.4181
 3.00   8800   0.1788   0.3096
 3.50   8800   0.1821   0.2687
 4.00   8800   0.1838   0.2463
 4.50   8800   0.1887   0.2337
 5.00   8800   0.1933   0.2273
 5.50   8800   0.1994   0.2241
 6.00   8800   0.1753   0.2537
 2.50   9000   0.1692   0.4017
 3.00   9000   0.1748   0.3151
 3.50   9000   0.1786   0.2684
 4.00   9000   0.1791   0.2436
 4.50   9000   0.1796   0.2326
 5.00   9000   0.1849   0.2245
 5.50   9000   0.1893   0.2233
 6.00   9000   0.1730   0.2473
 2.50   9200   0.1622   0.4195
 3.00   9200   0.1746   0.3136
 3.50   9200   0.1754   0.2695
 4.00   9200   0.1748   0.2433
 4.50   9200   0.1740   0.2313
 5.00   9200   0.1766   0.2239
 5.50   9200   0.1800   0.2209
 6.00   9200   0.1729   0.2368
 2.50   9400   0.1534   0.4409
 3.00   9400   0.1705   0.3206
 3.50   9400   0.1721   0.2726
 4.00   9400   0.1714   0.2437
 4.50   9400   0.1701   0.2300
 5.00   9400   0.1693   0.2225
 5.50   9400   0.1730   0.2188
 6.00   9400   0.1673   0.2272
 2.50   9600   0.1437   0.4632
 3.00   9600   0.1656   0.3285
 3.50   9600   0.1687   0.2764
 4.00   9600   0.1687   0.2447
 4.50   9600   0.1669   0.2313
 5.00   9600   0.1644   0.2221
 5.50   9600   0.1663   0.2184
 6.00   9600   0.1690   0.2189
 2.50   9800   0.1324   0.4875
 3.00   9800   0.1601   0.3375
 3.50   9800   0.1648   0.2815
 4.00   9800   0.1655   0.2473
 4.50   9800   0.1631   0.2314
 5.00   9800   0.1606   0.2217
 5.50   9800   0.1593   0.2181
 6.00   9800   0.1624   0.2174
 2.50  10000   0.1211   0.5102
 3.00  10000   0.1540   0.3467
 3.50  10000   0.1605   0.2868
 4.00  10000   0.1621   0.2508
 4.50  10000   0.1602   0.2331
 5.00  10000   0.1571   0.2224
 5.50  10000   0.1549   0.2180
 6.00  10000   0.1575   0.2159
 2.50  10200   0.1087   0.5342
 3.00  10200   0.1467   0.3573
 3.50  10200   0.1561   0.2924
 4.00  10200   0.1588   0.2544
 4.50  10200   0.1573   0.2352
 5.00  10200   0.1539   0.2237
 5.50  10200   0.1510   0.2186
 6.00  10200   0.1520   0.2158
 2.50  10400   0.0964   0.5566
 3.00  10400   0.1388   0.3678
 3.50  10400   0.1512   0.2978
 4.00  10400   0.1552   0.2583
 4.50  10400   0.1543   0.2380
 5.00  10400   0.1510   0.2254
 5.50  10400   0.1474   0.2196
 6.00  10400   0.1459   0.2170
 2.50  10600   0.0852   0.5753
 3.00  10600   0.1307   0.3778
 3.50  10600   0.1460   0.3026
 4.00  10600   0.1512   0.2621
 4.50  10600   0.1512   0.2410
 5.00  10600   0.1481   0.2275
 5.50  10600   0.1442   0.2210
 6.00  10600   0.1421   0.2177
 2.50  10800   0.0748   0.5912
 3.00  10800   0.1228   0.3864
 3.50  10800   0.1408   0.3069
 4.00  10800   0.1470   0.2659
 4.50  10800   0.1479   0.2440
 5.00  10800   0.1453   0.2299
 5.50  10800   0.1411   0.2228
 6.00  10800   0.1387   0.2187
 2.50  11000   0.0949   0.5372
 3.00  11000   0.1153   0.3935
 3.50  11000   0.1355   0.3107
 4.00  11000   0.1426   0.2695
 4.50  11000   0.1444   0.2471
 5.00  11000   0.1424   0.2322
 5.50  11000   0.1383   0.2248
 6.00  11000   0.1354   0.2201
 2.50  11200   0.0883   0.5437
 3.00  11200   0.1088   0.3989
 3.50  11200   0.1306   0.3133
 4.00  11200   0.1381   0.2727
 4.50  11200   0.1406   0.2502
 5.00  11200   0.1394   0.2346
 5.50  11200   0.1357   0.2263
 6.00  11200   0.1328   0.2245
 2.50  11400   0.0823   0.5502
 3.00  11400   0.1028   0.4027
 3.50  11400   0.1272   0.3062
 4.00  11400   0.1338   0.2741
 4.50  11400   0.1368   0.2527
 5.00  11400   0.1364   0.2370
 5.50  11400   0.1334   0.2312
 6.00  11400   0.1299   0.2262
 2.50  11600   0.0777   0.5547
 3.00  11600   0.0981   0.4043
 3.50  11600   0.1231   0.3057
 4.00  11600   0.1311   0.2650
 4.50  11600   0.1331   0.2540
 5.00  11600   0.1339   0.2296
 5.50  11600   0.1303   0.2297
 6.00  11600   0.1271   0.2279
 2.50  11800   0.0734   0.5594
 3.00  11800   0.0939   0.4056
 3.50  11800   0.1182   0.3125
 4.00  11800   0.1276   0.2639
 4.50  11800   0.1295   0.2543
 5.00  11800   0.1310   0.2296
 5.50  11800   0.1282   0.2342
 6.00  11800   0.1247   0.2292
 2.50  12000   0.0697   0.5636
 3.00  12000   0.0902   0.4054
 3.50  12000   0.1151   0.3103
 4.00  12000   0.1244   0.2619
 4.50  12000   0.1262   0.2536
 5.00  12000   0.1283   0.2289
 5.50  12000   0.1258   0.2350
 6.00  12000   0.1221   0.2303
 2.50   2300   0.3675   0.4548
 3.00   2300   0.3556   0.5033
 3.50   2300   0.4194   0.4400
 4.00   2300   0.4794   0.3934
 4.50   2300   0.5062   0.3636
 5.00   2300   0.5189   0.3422
 5.50   2300   0.4663   0.3650
 6.00   2300   0.4425   0.3778
 2.50   2400   0.3181   0.4825
 3.00   2400   0.3232   0.4905
 3.50   2400   0.3434   0.5106
 4.00   2400   0.4167   0.4526
 4.50   2400   0.4811   0.4028
 5.00   2400   0.4724   0.4084
 5.50   2400   0.4622   0.4012
 6.00   2400   0.4391   0.4033
 2.50   2500   0.2807   0.4971
 3.00   2500   0.2662   0.5185
 3.50   2500   0.2934   0.5173
 4.00   2500   0.3305   0.5219
 4.50   2500   0.4037   0.4703
 5.00   2500   0.4671   0.4223
 5.50   2500   0.4274   0.4545
 6.00   2500   0.4178   0.4408
 2.50   2600   0.2654   0.5016
 3.00   2600   0.2259   0.5326
 3.50   2600   0.2412   0.5312
 4.00   2600   0.2681   0.5410
 4.50   2600   0.3107   0.5463
 5.00   2600   0.3742   0.5048
 5.50   2600   0.4310   0.4600
 6.00   2600   0.4512   0.4361
 2.50   2700   0.2794   0.4761
 3.00   2700   0.2154   0.5164
 3.50   2700   0.1998   0.5407
 4.00   2700   0.2135   0.5541
 4.50   2700   0.2420   0.5652
 5.00   2700   0.2788   0.5769
 5.50   2700   0.3334   0.5418
 6.00   2700   0.3835   0.4992
 2.50   2800   0.3081   0.4484
 3.00   2800   0.2030   0.5267
 3.50   2800   0.1819   0.5283
 4.00   2800   0.1716   0.5594
 4.50   2800   0.1901   0.5696
 5.00   2800   0.2195   0.5817
 5.50   2800   0.2588   0.5747
 2.50   2900   0.3444   0.4216
 3.00   2900   0.2148   0.5133
 3.50   2900   0.1656   0.5349
 4.00   2900   0.1527   0.5461
 4.50   2900   0.1537   0.5670
 5.00   2900   0.1731   0.5789
 5.50   2900   0.2083   0.5813
 6.00   2900   0.2563   0.5684
 2.50   3000   0.3757   0.4240
 3.00   3000   0.2348   0.5001
 3.50   3000   0.1698   0.5235
 4.00   3000   0.1453   0.5309
 4.50   3000   0.1361   0.5504
 5.50   3000   0.1708   0.5695
 6.00   3000   0.2069   0.5682
 2.50   3100   0.4581   0.3651
 3.00   3100   0.2613   0.4847
 3.50   3100   0.1830   0.5101
 4.00   3100   0.1475   0.5160
 4.50   3100   0.1300   0.5314
 5.00   3100   0.1315   0.5418
 5.50   3100   0.1469   0.5510
 6.00   3100   0.1714   0.5571
 2.50   3200   0.4377   0.3555
 3.00   3200   0.3080   0.4500
 3.50   3200   0.2082   0.4880
 4.00   3200   0.1604   0.4975
 4.50   3200   0.1315   0.5128
 5.00   3200   0.1247   0.5210
 5.50   3200   0.1325   0.5298
 6.00   3200   0.1526   0.5367
 2.50   3300   0.4524   0.3073
 3.00   3300   0.3576   0.3941
 3.50   3300   0.2373   0.4646
 4.00   3300   0.1757   0.4827
 4.50   3300   0.1423   0.4910
 5.00   3300   0.1260   0.5007
 5.50   3300   0.1262   0.5085
 6.00   3300   0.1352   0.5201
 2.50   3400   0.4740   0.2458
 3.00   3400   0.3869   0.3289
 3.50   3400   0.2769   0.4186
 4.00   3400   0.1986   0.4585
 4.50   3400   0.1531   0.4759
 5.00   3400   0.1309   0.4823
 5.50   3400   0.1218   0.4929
 6.00   3400   0.1215   0.5073
 2.50   3500   0.4999   0.1960
 3.00   3500   0.4443   0.2555
 3.50   3500   0.3279   0.3492
 4.00   3500   0.2316   0.4156
 4.50   3500   0.1716   0.4496
 5.00   3500   0.1383   0.4644
 5.50   3500   0.1182   0.4804
 6.00   3500   0.1111   0.4951
 2.50   3600   0.5406   0.1387
 3.00   3600   0.5081   0.1807
 3.50   3600   0.3815   0.2908
 4.00   3600   0.2680   0.3749
 4.50   3600   0.1868   0.4329
 5.00   3600   0.1439   0.4540
 5.50   3600   0.1190   0.4687
 6.00   3600   0.1018   0.4875
 2.50   3700   0.5624   0.1234
 3.00   3700   0.5482   0.1337
 3.50   3700   0.4448   0.2306
 4.00   3700   0.3115   0.3356
 4.50   3700   0.2081   0.4113
 5.00   3700   0.1524   0.4425
 5.50   3700   0.1187   0.4615
 6.00   3700   0.0982   0.4794
 2.50   3800   0.5702   0.1249
 3.00   3800   0.5592   0.1308
 3.50   3800   0.5032   0.1766
 4.00   3800   0.3653   0.2941
 4.50   3800   0.2354   0.3904
 5.00   3800   0.1630   0.4298
 5.50   3800   0.1207   0.4538
 6.00   3800   0.0961   0.4710
 2.50   3900   0.5755   0.1179
 3.00   3900   0.5707   0.1139
 3.50   3900   0.5500   0.1311
 4.00   3900   0.4137   0.2509
 4.50   3900   0.2780   0.3508
 5.00   3900   0.1795   0.4182
 5.50   3900   0.1264   0.4437
 6.00   3900   0.0969   0.4620
 2.50   4000   0.5560   0.1416
 3.00   4000   0.5542   0.1374
 3.50   4000   0.5520   0.1378
 4.00   4000   0.4608   0.2150
 4.50   4000   0.3232   0.3173
 5.00   4000   0.2073   0.3943
 5.50   4000   0.1387   0.4316
 6.00   4000   0.1035   0.4459
 2.50   4100   0.5343   0.1633
 3.00   4100   0.5294   0.1674
 3.50   4100   0.5322   0.1607
 4.00   4100   0.5010   0.1827
 4.50   4100   0.3812   0.2772
 5.00   4100   0.2495   0.3623
 5.50   4100   0.1624   0.4118
 6.00   4100   0.1140   0.4340
 2.50   4200   0.5156   0.1783
 3.00   4200   0.5099   0.1845
 3.50   4200   0.5241   0.1592
 4.00   4200   0.5251   0.1557
 4.50   4200   0.4291   0.2350
 5.00   4200   0.2997   0.3257
 5.50   4200   0.2022   0.3719
 6.00   4200   0.1326   0.4169
 2.50   4300   0.4956   0.1957
 3.00   4300   0.4927   0.1975
 3.50   4300   0.5084   0.1704
 4.00   4300   0.5115   0.1641
 4.50   4300   0.4702   0.2035
 5.00   4300   0.3561   0.2897
 5.50   4300   0.2413   0.3591
 6.00   4300   0.1602   0.3952
 2.50   4400   0.4773   0.2105
 3.00   4400   0.4772   0.2078
 3.50   4400   0.4934   0.1800
 4.00   4400   0.4992   0.1721
 4.50   4400   0.4949   0.1763
 5.00   4400   0.4130   0.2327
 5.50   4400   0.2933   0.3186
 6.00   4400   0.1948   0.3793
 2.50   4500   0.4608   0.2221
 3.00   4500   0.4632   0.2139
 3.50   4500   0.4790   0.1889
 4.00   4500   0.4859   0.1794
 4.50   4500   0.4874   0.1779
 5.00   4500   0.4503   0.2089
 5.50   4500   0.3455   0.2864
 6.00   4500   0.2396   0.3466
 2.50   4600   0.4460   0.2306
 3.00   4600   0.4470   0.2273
 3.50   4600   0.4648   0.1972
 4.00   4600   0.4717   0.1882
 4.50   4600   0.4809   0.1743
 5.00   4600   0.4742   0.1826
 5.50   4600   0.3928   0.2467
 6.00   4600   0.2868   0.3157
 2.50   4700   0.4353   0.2314
 3.00   4700   0.4339   0.2336
 3.50   4700   0.4508   0.2049
 4.00   4700   0.4583   0.1955
 4.50   4700   0.4669   0.1832
 5.00   4700   0.4702   0.1812
 5.50   4700   0.4266   0.2226
 6.00   4700   0.3325   0.2895
 2.50   4800   0.4226   0.2392
 3.00   4800   0.4212   0.2388
 3.50   4800   0.4381   0.2106
 4.00   4800   0.4450   0.2025
 4.50   4800   0.4534   0.1909
 5.00   4800   0.4604   0.1856
 5.50   4800   0.4511   0.1950
 6.00   4800   0.3761   0.2516
 2.50   4900   0.4113   0.2428
 3.00   4900   0.4095   0.2429
 3.50   4900   0.4260   0.2153
 4.00   4900   0.4335   0.2055
 4.50   4900   0.4400   0.1989
 5.00   4900   0.4470   0.1939
 5.50   4900   0.4475   0.1944
 6.00   4900   0.3983   0.2412
 2.50   5100   0.3912   0.2442
 3.00   5100   0.3912   0.2410
 3.50   5100   0.4089   0.2099
 4.00   5100   0.4042   0.2169
 4.50   5100   0.4136   0.2054
 5.00   5100   0.4187   0.2034
 5.50   5100   0.4283   0.1934
 6.00   5100   0.4168   0.2077
 2.50   5200   0.3839   0.2463
 3.00   5200   0.3837   0.2421
 3.50   5200   0.4014   0.2102
 4.00   5200   0.3941   0.2201
 4.50   5200   0.4027   0.2093
 5.00   5200   0.4069   0.2085
 5.50   5200   0.4162   0.1991
 6.00   5200   0.4064   0.2137
 2.50   5300   0.3735   0.2509
 3.00   5300   0.3784   0.2394
 3.50   5300   0.3850   0.2220
 4.00   5300   0.3853   0.2220
 4.50   5300   0.3927   0.2122
 5.00   5300   0.3964   0.2116
 5.50   5300   0.4001   0.2118
 6.00   5300   0.3939   0.2189
 2.50   5400   0.3667   0.2536
 3.00   5400   0.3700   0.2423
 3.50   5400   0.3793   0.2204
 4.00   5400   0.3777   0.2224
 4.50   5400   0.3839   0.2139
 5.00   5400   0.3877   0.2113
 5.50   5400   0.3776   0.2249
 6.00   5400   0.3807   0.2252
 2.50   5500   0.3596   0.2543
 3.00   5500   0.3584   0.2473
 3.50   5500   0.3709   0.2237
 4.00   5500   0.3694   0.2247
 4.50   5500   0.3763   0.2136
 5.00   5500   0.3787   0.2134
 5.50   5500   0.3653   0.2305
 6.00   5500   0.3680   0.2309
 2.50   5600   0.3518   0.2567
 3.00   5600   0.3703   0.2185
 3.50   5600   0.3639   0.2256
 4.00   5600   0.3622   0.2260
 4.50   5600   0.3688   0.2147
 5.00   5600   0.3543   0.2308
 5.50   5600   0.3546   0.2328
 6.00   5600   0.3558   0.2358
 2.50   5700   0.3444   0.2586
 3.00   5700   0.3444   0.2538
 3.50   5700   0.3580   0.2257
 4.00   5700   0.3565   0.2252
 4.50   5700   0.3612   0.2166
 5.00   5700   0.3448   0.2335
 5.50   5700   0.3441   0.2360
 6.00   5700   0.3445   0.2398
 2.50   5800   0.3362   0.2637
 3.00   5800   0.3563   0.2229
 3.50   5800   0.3545   0.2266
 4.00   5800   0.3500   0.2263
 4.50   5800   0.3398   0.2316
 5.00   5800   0.3358   0.2359
 5.50   5800   0.3343   0.2388
 6.00   5800   0.3340   0.2429
 2.50   5900   0.3279   0.2661
 3.00   5900   0.3497   0.2246
 3.50   5900   0.3441   0.2301
 4.00   5900   0.3436   0.2274
 4.50   5900   0.3361   0.2316
 5.00   5900   0.3274   0.2379
 5.50   5900   0.3290   0.2391
 6.00   5900   0.3246   0.2447
 2.50   6000   0.3220   0.2676
 3.00   6000   0.3438   0.2251
 3.50   6000   0.3389   0.2299
 4.00   6000   0.3376   0.2282
 4.50   6000   0.3249   0.2350
 5.00   6000   0.3199   0.2388
 5.50   6000   0.3173   0.2416
 6.00   6000   0.3183   0.2456
 2.50   6100   0.3124   0.2706
 3.00   6100   0.3373   0.2269
 3.50   6100   0.3345   0.2303
 4.00   6100   0.3345   0.2278
 4.50   6100   0.3179   0.2365
 5.00   6100   0.3156   0.2390
 5.50   6100   0.3094   0.2432
 6.00   6100   0.2925   0.2630
 2.50   6200   0.3081   0.2714
 3.00   6200   0.3306   0.2285
 3.50   6200   0.3274   0.2312
 4.00   6200   0.3288   0.2282
 4.50   6200   0.3120   0.2368
 5.00   6200   0.3086   0.2400
 5.50   6200   0.2890   0.2581
 6.00   6200   0.2775   0.2691
 2.50   6300   0.2968   0.2746
 3.00   6300   0.3243   0.2294
 3.50   6300   0.3232   0.2299
 4.00   6300   0.3218   0.2288
 4.50   6300   0.3080   0.2368
 5.00   6300   0.3013   0.2388
 5.50   6300   0.2766   0.2630
 6.00   6300   0.2674   0.2724
 2.50   6400   0.2930   0.2765
 3.00   6400   0.2966   0.2673
 3.50   6400   0.3167   0.2310
 4.00   6400   0.3168   0.2288
 4.50   6400   0.3021   0.2360
 5.00   6400   0.2952   0.2402
 5.50   6400   0.2672   0.2647
 6.00   6400   0.2581   0.2750
 2.50   6500   0.2849   0.2797
 3.00   6500   0.2891   0.2701
 3.50   6500   0.3098   0.2325
 4.00   6500   0.3112   0.2299
 4.50   6500   0.2986   0.2354
 5.00   6500   0.2905   0.2397
 5.50   6500   0.2619   0.2653
 6.00   6500   0.2515   0.2742
 2.50   6600   0.2766   0.2823
 3.00   6600   0.2814   0.2731
 3.50   6600   0.3037   0.2344
 4.00   6600   0.3053   0.2305
 4.50   6600   0.2921   0.2367
 5.00   6600   0.2863   0.2390
 5.50   6600   0.2550   0.2656
 6.00   6600   0.2440   0.2753
 2.50   6700   0.2686   0.2860
 3.00   6700   0.2741   0.2759
 3.50   6700   0.2952   0.2370
 4.00   6700   0.2996   0.2316
 4.50   6700   0.2878   0.2366
 5.00   6700   0.2821   0.2385
 5.50   6700   0.2500   0.2654
 6.00   6700   0.2375   0.2761
 2.50   6800   0.2558   0.2912
 3.00   6800   0.2664   0.2786
 3.50   6800   0.2871   0.2402
 4.00   6800   0.2934   0.2332
 4.50   6800   0.2839   0.2360
 5.00   6800   0.2783   0.2378
 5.50   6800   0.2454   0.2652
 6.00   6800   0.2317   0.2764
 2.50   6900   0.2489   0.2940
 3.00   6900   0.2583   0.2820
 3.50   6900   0.2824   0.2420
 4.00   6900   0.2870   0.2350
 4.50   6900   0.2802   0.2353
 5.00   6900   0.2743   0.2376
 5.50   6900   0.2415   0.2646
 6.00   6900   0.2266   0.2762
 2.50   7000   0.2427   0.2983
 3.00   7000   0.2508   0.2842
 3.50   7000   0.2751   0.2444
 4.00   7000   0.2804   0.2371
 4.50   7000   0.2757   0.2357
 5.00   7000   0.2707   0.2371
 5.50   7000   0.2375   0.2643
 6.00   7000   0.2219   0.2760
 2.50   7200   0.2247   0.3058
 3.00   7200   0.2336   0.2908
 3.50   7200   0.2604   0.2490
 4.00   7200   0.2641   0.2424
 4.50   7200   0.2666   0.2357
 5.00   7200   0.2631   0.2357
 5.50   7200   0.2309   0.2626
 6.00   7200   0.2141   0.2747
 2.50   7400   0.2095   0.3129
 3.00   7400   0.2179   0.2976
 3.50   7400   0.2444   0.2551
 4.00   7400   0.2518   0.2460
 4.50   7400   0.2344   0.2511
 5.00   7400   0.2548   0.2363
 5.50   7400   0.2241   0.2617
 6.00   7400   0.2072   0.2734
 2.50   7600   0.1938   0.3196
 3.00   7600   0.2010   0.3042
 3.50   7600   0.2287   0.2603
 4.00   7600   0.2183   0.2660
 4.50   7600   0.2378   0.2524
 5.00   7600   0.2467   0.2358
 5.50   7600   0.2178   0.2607
 6.00   7600   0.2008   0.2726
 2.50   7800   0.1787   0.3268
 3.00   7800   0.1857   0.3100
 3.50   7800   0.2042   0.2709
 4.00   7800   0.2221   0.2573
 4.50   7800   0.2260   0.2542
 5.00   7800   0.2373   0.2364
 5.50   7800   0.2118   0.2591
 6.00   7800   0.1952   0.2709
 2.50   8000   0.1666   0.3299
 3.00   8000   0.1723   0.3142
 3.50   8000   0.1976   0.2703
 4.00   8000   0.2090   0.2590
 4.50   8000   0.2138   0.2564
 5.00   8000   0.2276   0.2373
 5.50   8000   0.1960   0.2524
 6.00   8000   0.1894   0.2697
 2.50   8200   0.1550   0.3365
 3.00   8200   0.1596   0.3176
 3.50   8200   0.1653   0.3051
 4.00   8200   0.1956   0.2600
 4.50   8200   0.2011   0.2574
 5.00   8200   0.2165   0.2368
 5.50   8200   0.1897   0.2521
 6.00   8200   0.1826   0.2701
 2.50   8400   0.1481   0.3385
 3.00   8400   0.1506   0.3183
 3.50   8400   0.1545   0.3059
 4.00   8400   0.1842   0.2602
 4.50   8400   0.1890   0.2575
 5.00   8400   0.2056   0.2374
 5.50   8400   0.1891   0.2489
 6.00   8400   0.1786   0.2667
 2.50   8600   0.1416   0.3435
 3.00   8600   0.1440   0.3189
 3.50   8600   0.1461   0.3057
 4.00   8600   0.1710   0.2611
 4.50   8600   0.1771   0.2583
 5.00   8600   0.1943   0.2379
 5.50   8600   0.2019   0.2328
 6.00   8600   0.1749   0.2629
 2.50   8800   0.1340   0.3531
 3.00   8800   0.1388   0.3203
 3.50   8800   0.1398   0.3054
 4.00   8800   0.1630   0.2605
 4.50   8800   0.1670   0.2576
 5.00   8800   0.1761   0.2491
 5.50   8800   0.1924   0.2318
 6.00   8800   0.1706   0.2591
 2.50   9000   0.1264   0.3640
 3.00   9000   0.1330   0.3259
 3.50   9000   0.1354   0.3052
 4.00   9000   0.1579   0.2582
 4.50   9000   0.1578   0.2560
 5.00   9000   0.1676   0.2462
 5.50   9000   0.1815   0.2323
 6.00   9000   0.1679   0.2535
 2.50   9200   0.1175   0.3775
 3.00   9200   0.1277   0.3318
 3.50   9200   0.1309   0.3075
 4.00   9200   0.1531   0.2582
 4.50   9200   0.1519   0.2551
 5.00   9200   0.1587   0.2464
 5.50   9200   0.1715   0.2311
 6.00   9200   0.1668   0.2446
 2.50   9400   0.1070   0.3940
 3.00   9400   0.1212   0.3405
 3.50   9400   0.1260   0.3122
 4.00   9400   0.1496   0.2584
 4.50   9400   0.1477   0.2540
 5.00   9400   0.1512   0.2452
 5.50   9400   0.1639   0.2298
 6.00   9400   0.1602   0.2367
 2.50   9600   0.0953   0.4120
 3.00   9600   0.1136   0.3505
 3.50   9600   0.1212   0.3174
 4.00   9600   0.1464   0.2596
 4.50   9600   0.1443   0.2553
 5.00   9600   0.1459   0.2454
 5.50   9600   0.1540   0.2347
 6.00   9600   0.1613   0.2293
 2.50   9800   0.0815   0.4327
 3.00   9800   0.1049   0.3627
 3.50   9800   0.1150   0.3252
 4.00   9800   0.1426   0.2628
 4.50   9800   0.1399   0.2563
 5.00   9800   0.1416   0.2458
 5.50   9800   0.1467   0.2347
 6.00   9800   0.1541   0.2287
 2.50  10000   0.1220   0.3564
 3.00  10000   0.0955   0.3752
 3.50  10000   0.1345   0.2885
 4.00  10000   0.1381   0.2677
 4.50  10000   0.1364   0.2587
 5.00  10000   0.1375   0.2473
 5.50  10000   0.1419   0.2355
 6.00  10000   0.1486   0.2281
 2.50  10200   0.1100   0.3718
 3.00  10200   0.1232   0.3226
 3.50  10200   0.1284   0.2958
 4.00  10200   0.1339   0.2722
 4.50  10200   0.1328   0.2617
 5.00  10200   0.1337   0.2496
 5.50  10200   0.1373   0.2369
 6.00  10200   0.1426   0.2289
 2.50  10400   0.0979   0.3867
 3.00  10400   0.1142   0.3325
 3.50  10400   0.1219   0.3031
 4.00  10400   0.1292   0.2775
 4.50  10400   0.1291   0.2655
 5.00  10400   0.1299   0.2525
 5.50  10400   0.1332   0.2389
 6.00  10400   0.1361   0.2308
 2.50  10600   0.0869   0.3995
 3.00  10600   0.1050   0.3422
 3.50  10600   0.1147   0.3108
 4.00  10600   0.1238   0.2834
 4.50  10600   0.1251   0.2697
 5.00  10600   0.1262   0.2559
 5.50  10600   0.1294   0.2413
 6.00  10600   0.1319   0.2322
 2.50  10800   0.0763   0.4109
 3.00  10800   0.0960   0.3507
 3.50  10800   0.1072   0.3182
 4.00  10800   0.1181   0.2892
 4.50  10800   0.1208   0.2742
 5.00  10800   0.1224   0.2597
 5.50  10800   0.1256   0.2442
 6.00  10800   0.1280   0.2340
 2.50  11000   0.0669   0.4202
 3.00  11000   0.0876   0.3578
 3.50  11000   0.0998   0.3244
 4.00  11000   0.1120   0.2949
 4.50  11000   0.1162   0.2788
 5.00  11000   0.1185   0.2638
 5.50  11000   0.1220   0.2473
 6.00  11000   0.1243   0.2361
 2.50  11200   0.0585   0.4278
 3.00  11200   0.0799   0.3632
 3.50  11200   0.0925   0.3298
 4.00  11200   0.1057   0.3002
 4.50  11200   0.1113   0.2832
 5.00  11200   0.1144   0.2678
 5.50  11200   0.1222   0.2441
 6.00  11200   0.1212   0.2412
 2.50  11400   0.0506   0.4350
 3.00  11400   0.0727   0.3674
 3.50  11400   0.0868   0.3284
 4.00  11400   0.0997   0.3041
 4.50  11400   0.1063   0.2872
 5.00  11400   0.1105   0.2716
 5.50  11400   0.1194   0.2498
 6.00  11400   0.1180   0.2434
 2.50  11600   0.0441   0.4402
 3.00  11600   0.0665   0.3699
 3.50  11600   0.0811   0.3305
 4.00  11600   0.0949   0.3001
 4.50  11600   0.1014   0.2903
 5.00  11600   0.1070   0.2663
 5.50  11600   0.1159   0.2490
 6.00  11600   0.1149   0.2455
 2.50  11800   0.0384   0.4448
 3.00  11800   0.0612   0.3721
 3.50  11800   0.0742   0.3373
 4.00  11800   0.0899   0.3013
 4.50  11800   0.0964   0.2926
 5.00  11800   0.1032   0.2677
 5.50  11800   0.1133   0.2541
 6.00  11800   0.1123   0.2471
 2.50  12000   0.0332   0.4492
 3.00  12000   0.0565   0.3729
 3.50  12000   0.0695   0.3374
 4.00  12000   0.0853   0.3017
 4.50  12000   0.0918   0.2938
 5.00  12000   0.0996   0.2683
 5.50  12000   0.1105   0.2555
 6.00  12000   0.1096   0.2485
